-0.058602 -0.056247 0.054869
-0.004858 0.180983 -0.129678
0.210042 0.150567 -0.115611
-0.009765 -0.004498 0.191243
0.191661 -0.448731 0.232003
0.372730 -0.180893 0.098285
0.121265 0.087772 -0.349628
0.211550 0.099564 -0.627086
0.024869 -0.269516 0.198668
-0.021409 -0.087598 -0.019397
-0.170729 -0.004879 -0.080338
-0.077142 0.237001 -0.469297
-0.228923 -0.232660 -0.404667
0.005177 -0.096563 -0.132254
-0.316647 -0.255235 -0.163623
-0.540700 -0.049734 -0.058069
0.191823 0.653423 0.233031
0.075904 -0.013464 0.002526
-0.389879 -0.207404 -0.006390
0.074334 -0.178884 0.140787
-0.004621 0.145364 0.162597
-0.268326 -0.018591 0.225605
-0.208864 0.147352 0.274266
-0.087794 -0.265327 0.435454
-0.433924 -0.327701 -0.113449
0.050208 -0.058508 -0.101931
-0.156426 -0.078208 0.078852
0.076130 -0.192754 -0.127528
-0.143765 0.161507 0.001762
0.016154 0.231955 -0.132779
-0.060810 -0.418873 -0.078667
-0.298713 0.190058 0.275749
-0.320053 -0.083949 -0.182979
0.067885 0.107966 0.157145
0.189393 -0.061614 -0.158789
0.138448 -0.124301 -0.272588
-0.041500 0.237952 -0.196205
0.078591 -0.168933 0.060734
-0.091948 -0.038765 -0.207613
0.059574 -0.073395 0.129019
-0.224396 0.066975 -0.124820
-0.209251 0.158489 -0.240860
-0.172251 0.199503 -0.153803
0.448117 -0.000288 -0.011252
-0.094570 -0.302131 0.635062
0.229156 -0.013870 0.393671
0.130819 0.073380 0.268702
-0.183362 -0.154910 -0.052880
0.263837 0.060949 0.058178
-0.211441 -0.262804 -0.182003
-0.114493 -0.117624 -0.004488
-0.042302 -0.009087 0.194137
0.009263 -0.327257 0.176674
-0.033024 -0.382157 0.443807
-0.088342 0.345355 0.140659
-0.105871 0.161398 0.345057
0.091941 0.111564 -0.247996
-0.199501 0.078431 -0.316404
0.029667 -0.309458 0.174898
0.233149 -0.065346 0.211044
0.062615 -0.150838 -0.229611
-0.020214 -0.039753 -0.123086
-0.286206 0.122996 0.276114
-0.543487 -0.357266 -0.360555
-0.086894 -0.119760 0.012082
-0.099220 -0.076123 0.088028
0.374834 0.015744 0.092333
-0.244348 0.249066 -0.056478
0.417275 0.296574 0.065530
-0.217285 0.052392 0.110117
0.012235 0.421015 -0.158297
-0.236446 -0.187336 -0.071067
0.099562 0.145575 -0.398598
-0.136313 -0.135930 0.193738
0.298845 0.069211 -0.008989
-0.350670 -0.324856 0.177698
-0.027848 0.223781 0.061831
-0.085436 -0.278284 0.040928
-0.018203 0.162877 0.106621
-0.181039 -0.002536 -0.471661
0.322031 0.058966 0.234432
0.080468 -0.102418 0.209624
-0.053563 -0.167510 -0.150549
0.028627 -0.212162 0.502290
0.101959 0.129180 -0.305104
-0.195607 0.064878 0.426134
-0.004850 0.169026 0.110459
0.021893 -0.262327 -0.116086
-0.366830 -0.351871 0.180997
-0.267763 0.324205 0.193550
0.110135 -0.451376 0.001225
0.017638 0.135034 0.134404
-0.029296 -0.033593 -0.445778
-0.193964 -0.056133 0.027277
-0.008211 0.052878 0.074466
-0.103344 0.227081 -0.124511
-0.074640 -0.142180 -0.131763
-0.048360 -0.125666 -0.403494
-0.362750 -0.446609 -0.086204
-0.399912 -0.213412 -0.078828
