0 0.000000 0.000000 0.000000 0.000000 0.000000 0.000000 0.074338 -0.155630 0.172386
1 0.105000 0.000000 0.000000 0.000000 0.000000 0.000000 0.353554 -0.440574 0.105242
2 0.210000 0.000000 0.000000 0.000000 0.000000 0.000000 0.311785 -0.386645 0.049520
3 0.315000 0.000000 0.000000 0.000000 0.000000 0.000000 0.020525 -0.046068 0.159411
4 0.420000 0.000000 0.000000 0.000000 0.000000 0.000000 0.839496 -0.224717 0.060059
5 0.525000 0.000000 0.000000 0.000000 0.000000 0.000000 0.258418 0.256746 0.001301
6 0.630000 0.000000 0.000000 0.000000 0.000000 0.000000 0.565881 -0.336942 0.280635
7 0.735000 0.000000 0.000000 0.000000 0.000000 0.000000 1.121657 0.165028 -0.203777
8 0.840000 0.000000 0.000000 0.000000 0.000000 0.000000 0.984995 -0.039672 -0.214072
9 0.945000 0.000000 0.000000 0.000000 0.000000 0.000000 0.856099 -0.047276 -0.155176
10 1.050000 0.000000 0.000000 0.000000 0.000000 0.000000 0.738629 -0.334419 0.130898
11 1.155000 0.000000 0.000000 0.000000 0.000000 0.000000 1.310720 0.210774 -0.296757
12 1.260000 0.000000 0.000000 0.000000 0.000000 0.000000 1.116001 -0.079070 0.526090
13 1.365000 0.000000 0.000000 0.000000 0.000000 0.000000 1.410036 -0.041699 0.057205
14 1.470000 0.000000 0.000000 0.000000 0.000000 0.000000 1.204970 -0.189907 0.128431
15 1.575000 0.000000 0.000000 0.000000 0.000000 0.000000 1.120735 -0.125461 0.341034
16 1.680000 0.000000 0.000000 0.000000 0.000000 0.000000 1.497157 -0.131135 -0.072532
17 1.785000 0.000000 0.000000 0.000000 0.000000 0.000000 1.667341 -0.138229 0.131143
18 1.890000 0.000000 0.000000 0.000000 0.000000 0.000000 1.897802 0.213947 -0.221976
19 1.995000 0.000000 0.000000 0.000000 0.000000 0.000000 2.077262 0.295566 0.229392
20 2.100000 0.000000 0.000000 0.000000 0.000000 0.000000 1.905455 -0.182641 -0.052177
21 2.205000 0.000000 0.000000 0.000000 0.000000 0.000000 2.373757 0.022737 0.251305
22 2.310000 0.000000 0.000000 0.000000 0.000000 0.000000 2.080722 -0.241943 0.087709
23 2.415000 0.000000 0.000000 0.000000 0.000000 0.000000 2.783319 -0.039543 -0.022347
24 2.520000 0.000000 0.000000 0.000000 0.000000 0.000000 2.630321 0.069887 0.126262
25 2.625000 0.000000 0.000000 0.000000 0.000000 0.000000 2.504249 0.023475 0.470855
26 2.730000 0.000000 0.000000 0.000000 0.000000 0.000000 3.075734 -0.357090 0.151198
27 2.835000 0.000000 0.000000 0.000000 0.000000 0.000000 3.053569 -0.091799 0.254946
28 2.940000 0.000000 0.000000 0.000000 0.000000 0.000000 2.949392 -0.155393 -0.022867
29 3.045000 0.000000 0.000000 0.000000 0.000000 0.000000 3.114901 -0.118755 0.215740
30 3.150000 0.000000 0.000000 0.000000 0.000000 0.000000 3.306267 -0.037742 -0.352434
31 3.255000 0.000000 0.000000 0.000000 0.000000 0.000000 3.028710 0.102121 0.183117
32 3.360000 0.000000 0.000000 0.000000 0.000000 0.000000 3.416297 -0.030796 0.289463
33 3.465000 0.000000 0.000000 0.000000 0.000000 0.000000 3.440851 0.075762 -0.019347
34 3.570000 0.000000 0.000000 0.000000 0.000000 0.000000 3.597752 -0.108229 0.103102
35 3.675000 0.000000 0.000000 0.000000 0.000000 0.000000 3.407352 -0.222582 -0.018058
36 3.780000 0.000000 0.000000 0.000000 0.000000 0.000000 3.504160 -0.229344 0.062843
37 3.885000 0.000000 0.000000 0.000000 0.000000 0.000000 3.420532 0.091707 -0.104028
38 3.990000 0.000000 0.000000 0.000000 0.000000 0.000000 3.984452 0.007205 0.155966
39 4.095000 0.000000 0.000000 0.000000 0.000000 0.000000 4.249856 0.234333 -0.469119
40 4.200000 0.000000 0.000000 0.000000 0.000000 0.000000 4.111267 0.061322 0.019242
41 4.305000 0.000000 0.000000 0.000000 0.000000 0.000000 4.007630 0.140940 0.046548
42 4.410000 0.000000 0.000000 0.000000 0.000000 0.000000 4.627138 -0.142517 -0.016260
43 4.515000 0.000000 0.000000 0.000000 0.000000 0.000000 4.693614 0.013719 -0.194738
44 4.620000 0.000000 0.000000 0.000000 0.000000 0.000000 4.719620 -0.230979 -0.103358
45 4.725000 0.000000 0.000000 0.000000 0.000000 0.000000 4.690297 0.159218 -0.265361
46 4.830000 0.000000 0.000000 0.000000 0.000000 0.000000 4.603626 -0.475376 0.044339
47 4.935000 0.000000 0.000000 0.000000 0.000000 0.000000 4.972227 0.141453 0.358860
48 5.040000 0.000000 0.000