6.021712 5.254045 1.681395
5.929692 5.503784 1.784927
6.096975 5.412468 1.544084
5.878068 5.467232 1.654195
6.096975 5.412468 1.544084
5.889142 5.505467 1.501018
5.876605 5.521214 1.663206
5.883791 5.325635 1.608055
6.021712 5.254045 1.681395
5.958684 5.498355 1.733850
6.021712 5.254045 1.681395
5.958684 5.498355 1.733850
5.916162 5.542538 2.006624
5.876772 5.519050 1.605775
5.928809 5.517511 1.802048
5.877920 5.504230 1.623860
5.863402 5.545423 1.600552
6.010498 5.390438 1.679422
6.107905 5.379250 1.554988
5.929692 5.503784 1.784927
6.007293 5.407677 1.675009
5.891755 5.245591 1.676192
5.879992 5.364372 1.685959
5.878068 5.467232 1.654195
6.007872 5.418064 1.724998
6.068183 5.613719 1.533093
5.893010 5.309304 1.500135
6.017488 5.627916 1.781951
6.007293 5.407677 1.675009
5.874445 5.490534 1.652723
6.007293 5.407677 1.675009
6.033469 5.337510 1.594815
6.015031 5.640401 1.696798
5.958684 5.498355 1.733850
5.853357 5.400137 1.811144
6.017488 5.627916 1.781951
6.120521 5.336814 1.483559
5.962121 5.406638 1.710092
6.007872 5.418064 1.724998
6.097137 5.415733 1.459322
5.823781 5.636454 1.719711
5.809109 5.438352 1.775595
6.021814 5.445605 1.610057
5.891755 5.245591 1.676192
6.004362 5.454993 1.746458
6.060623 5.293110 1.444847
6.003798 5.460927 1.651942
5.868649 5.509668 1.601440
5.874445 5.490534 1.652723
5.883791 5.325635 1.608055
5.874445 5.490534 1.652723
6.042785 5.134809 1.486405
5.874445 5.490534 1.652723
5.958166 5.352417 1.629456
5.918309 5.564297 1.750754
5.998336 5.468460 1.716190
6.122621 5.399065 1.330411
5.844950 5.280085 1.634432
6.096975 5.412468 1.544084
6.008338 5.400580 1.725000
5.883791 5.325635 1.608055
6.130184 5.567031 1.594857
5.879992 5.364372 1.685959
5.928809 5.517511 1.802048
6.126516 5.546728 1.556862
6.017488 5.627916 1.781951
6.017488 5.627916 1.781951
5.951035 5.459089 1.727397
6.021712 5.254045 1.681395
6.004362 5.454993 1.746458
6.005367 5.280088 1.734570
6.017683 5.639349 1.778825
6.130184 5.567031 1.594857
5.883791 5.325635 1.608055
6.004362 5.454993 1.746458
6.120534 5.384123 1.498260
5.916162 5.542538 2.006624
6.021814 5.445605 1.610057
6.127125 5.416617 1.446439
6.021712 5.254045 1.681395
6.033469 5.337510 1.594815
5.902920 5.614536 1.731471
6.010353 5.664178 1.746835
5.958684 5.498355 1.733850
5.891755 5.245591 1.676192
5.862146 5.472264 1.700194
5.858319 5.417732 1.727564
6.007293 5.407677 1.675009
5.876668 5.467683 1.665267
6.020473 5.613695 1.730453
5.879586 5.319975 1.663471
6.010498 5.390438 1.679422
6.004599 5.425959 1.675799
6.003798 5.460927 1.651942
5.883791 5.325635 1.608055
6.003798 5.460927 1.651942
5.868649 5.509668 1.601440
5.853357 5.400137 1.811144
6.005367 5.280088 1.734570
5.992682 5.504549 1.665115
