0 0.000000 0.000000 0.000000 0.104324 0.080684 0.024962 0.266851 0.146292 0.042227
1 0.102781 0.000000 -0.050182 0.282002 0.051154 0.004386 0.471280 0.008573 0.086818
2 0.206484 -0.005208 -0.056490 0.302587 0.042780 -0.202893 -0.007791 0.113550 -0.418409
3 0.306166 -0.010845 0.030116 0.433421 -0.065678 -0.140726 0.566353 -0.388910 0.069704
4 0.406786 -0.007814 0.097736 0.513890 0.019384 0.017622 0.552556 0.210611 0.284237
5 0.510511 0.002356 0.040942 0.645078 0.020936 -0.053793 0.777976 0.092079 -0.151934
6 0.613855 0.006589 0.063580 0.683343 0.020728 0.030698 0.503922 0.126337 0.224457
7 0.717565 0.013192 0.032910 0.762739 0.023173 0.031381 0.618476 -0.194669 0.119731
8 0.821364 0.016609 0.016767 0.899469 0.004118 -0.051145 1.077576 -0.099174 -0.265418
9 0.925188 0.018350 0.049471 0.973634 -0.000233 0.001890 0.748572 0.035083 0.058294
10 1.030015 0.023541 0.039749 1.092500 -0.045756 -0.031150 1.103845 -0.473199 0.022998
11 1.133319 0.027649 0.076594 1.179951 -0.059523 -0.004237 1.201435 -0.293170 0.087511
12 1.236676 0.035581 0.092268 1.303582 -0.068306 0.001109 1.502580 -0.141314 -0.052794
13 1.339778 0.045121 0.112072 1.345808 -0.067340 0.020966 1.083218 0.001288 0.084628
14 1.442276 0.056656 0.121332 1.431274 -0.038299 0.126184 1.303339 0.095641 0.508401
15 1.543075 0.068947 0.070775 1.507358 -0.005133 0.101850 1.400934 0.360228 0.203183
16 1.645572 0.076213 0.041533 1.610184 0.009215 0.062298 1.589603 0.166134 0.013201
17 1.748981 0.080511 0.025941 1.690138 0.022718 0.062723 1.540492 0.223500 0.147097
18 1.852152 0.083188 -0.001056 1.834842 0.028442 -0.011705 1.975620 0.201822 -0.263709
19 1.956308 0.083078 0.007228 1.953813 0.046310 0.041818 2.057918 0.105374 0.265292
20 2.059455 0.083823 -0.031453 2.029965 0.051459 -0.005038 1.874406 0.152617 0.021730
21 2.163217 0.080558 -0.036759 2.132603 0.053743 -0.027563 2.156577 0.169627 -0.150379
22 2.266440 0.076762 -0.040374 2.261965 0.043045 -0.021545 2.347897 -0.200253 0.046967
23 2.369999 0.072579 -0.045613 2.380937 0.022251 -0.046376 2.345927 0.005772 -0.228252
24 2.473450 0.067857 -0.030068 2.543036 -0.029817 -0.029172 2.756057 -0.260403 0.123193
25 2.577164 0.064737 -0.006632 2.611637 -0.022994 -0.009480 2.394378 0.102963 -0.128341
26 2.640821 0.064315 0.548319 2.631133 0.050009 0.579601 2.482829 0.427694 0.463790
27 2.706054 0.104159 0.617461 2.734850 0.094497 0.625115 2.861518 0.259523 0.402243
28 2.770934 0.150229 0.822471 2.785307 0.134344 0.872234 2.864512 0.045291 0.925619
29 2.829328 0.213122 0.923008 2.803163 0.233834 1.070504 2.887011 0.334298 1.344873
30 2.883854 0.285177 0.975214 2.892081 0.294909 1.015311 3.067627 0.358870 0.624363
31 2.934942 0.360565 1.130151 2.971338 0.354201 1.149773 3.221808 0.307893 1.003271
32 2.975700 0.446994 1.231485 2.997183 0.451855 1.211338 2.971698 0.576441 0.916413
33 3.008116 0.538833 1.326341 3.082984 0.596344 1.326987 3.298487 0.777721 1.512946
34 3.031868 0.634053 1.413806 3.099358 0.702229 1.439441 3.055352 0.721793 1.622214
35 3.047526 0.732976 1.461304 3.121640 0.759519 1.470898 3.222744 0.581153 1.416993
36 3.058492 0.832723 1.522699 3.153457 0.805380 1.504562 3.281466 0.654663 1.334608
37 3.063318 0.932993 1.584961 3.124300 0.925193 1.563892 2.862886 0.939724 1.478224
38 3.061870 1.035228 1.605541 3.110903 1.012834 1.528540 2.993865 1.001537 1.217293
39 3.058334 1.136950 1.653363 3.130799 1.001598 1.606411 3.191340 0.570581 1.827502
40 3.049963 1.238110 1.669475 3.108742 1.108085 1.648782 3.005785 1.133883 1.980371
41 3.040004 1.338697 1.666000 3.092826 1.235152 1.643758 3.166362 1.439109 1.453566
42 3.030354 1.439755 1.669591 3.093426 1.413270 1.653035 3.466956 1.762033 1.868529
43 3.020361 1.540572 1.671131 3.082370 1.535087 1.641375 3.234549 1.733526 1.678081
44 3.010166 1.641849 1.674606 3.039419 1.616203 1.706620 2.787511 1.434806 1.946988
45 2.999666 1.742623 1.626574 3.050555 1.730529 1.561540 3.094906 1.864997 1.128386
46 2.993883 1.846206 1.673301 3.046883 1.808420 1.624795 2.861483 1.646490 1.773196
47 2.983356 1.948547 1.658557 3.020694 1.951056 1.658195 2.986042 2.161893 1.942940
48 2.974351 2.050882 1.628224 2.987037 2.030223 1.731032 2.790539 1.986309 2.102114
49 2.968534 2.152078 1.558629 2.969878 2.152262 1.638698 3.107974 2.366179 1.449635
50 2.969786 2.255012 1.544976 2.979341 2.230011 1.571503 3.186834 2.289536 1.260567
51 2.972485 2.359528 1.553451 2.963216 2.369444 1.607060 2.785538 2.569900 1.774801
52 2.974280 2.462979 1.522813 2.956561 2.441459 1.573412 3.088250 2.238317 1.597343
53 2.979270 2.566892 1.514816 2.939947 2.600891 1.588479 2.700997 2.837270 1.742870
54 2.982809 2.630053 0.958616 2.947762 2.620561 0.983179 3.144044 2.383322 0.916853
55 3.026704 2.692567 0.897819 2.981408 2.688003 0.899804 2.830874 2.756722 0.761072
56 3.076291 2.754774 0.733322 3.035963 2.763784 0.730032 3.157731 2.917005 0.657347
57 3.139225 2.811473 0.610443 3.068453 2.801116 0.607873 2.730801 2.779727 0.510408
58 3.211380 2.861951 0.509998 3.158251 2.861117 0.477037 3.233067 3.018766 0.405366
59 3.291730 2.906895 0.427082 3.242862 2.905312 0.396945 3.188645 2.934032 0.282678
60 3.377902 2.946111 0.347759 3.325099 2.945862 0.263381 3.164554 3.160398 0.017074
61 3.470347 2.979622 0.305798 3.447957 2.986274 0.218282 3.708840 2.942328 0.338041
62 3.565830 3.009766 0.248390 3.504037 3.005003 0.272316 3.540210 2.913257 0.632206
63 3.661963 3.034148 0.155530 3.623780 3.004559 0.098893 3.745513 2.693033 -0.107863
64 3.763549 3.050076 0.159081 3.724399 3.011748 0.109192 3.830146 2.876459 0.266350
65 3.864715 3.066307 0.121290 3.826602 3.031259 0.123625 3.859789 2.978575 0.433241
66 3.965715 3.078618 0.070698 3.928607 3.046986 0.094429 3.955451 3.023250 0.285705
67 4.067491 3.085825 0.032954 3.933618 3.031604 0.046239 3.625413 3.074571 -0.110287
68 4.170800 3.089231 0.022848 4.064671 2.991575 -0.109592 4.170606 2.863301 -0.520589
69 4.273294 3.091573 0.093696 4.158342 3.011734 -0.005638 4.164986 3.359568 0.072827
70 4.377470 3.101363 0.068377 4.252860 3.010498 -0.037265 4.260467 3.063333 -0.091401
71 4.481225 3.108469 0.082250 4.337431 3.019828 -0.025716 4.288516 3.290567 -0.164206
72 4.584917 3.117017 0.079961 4.430560 3.014814 -0.049387 4.454464 2.901700 -0.061217
73 4.688237 3.125296 0.095265 4.553471 3.022458 -0.005884 4.677522 3.104766 0.068687
74 4.792169 3.135227 0.080824 4.603157 3.025262 -0.036623 4.337268 3.174115 -0.144721
75 4.895531 3.143599 0.089369 4.755086 3.030520 -0.011520 5.076375 3.228444 -0.002018
76 4.999232 3.152892 0.078186 4.813059 3.031242 -0.028038 4.708636 3.361001 -0.130789
77 5.102671 3.160995 0.080274 4.977949 3.018068 -0.054551 5.303440 3.257356 -0.223575
78 5.205812 3.169293 0.098212 5.062621 3.016371 -0.023197 4.897953 3.275185 0.013790
79 5.309480 3.179507 0.094522 5.139859 3.016933 -0.028683 5.193932 3.100726 -0.111932
80 5.413057 3.189327 0.098806 5.292511 3.059469 0.055569 5.441594 3.451858 0.162522
81 5.515141 3.199446 0.041931 5.492706 3.241899 0.129752 5.903815 3.344417 0.335483
82 5.612251 3.203521 -0.112746 5.572472 3.174068 -0.131674 5.474316 3.052855 -0.446058
83 5.672138 3.196740 0.563465 5.648237 3.123431 0.548445 5.897353 2.943088 0.543574
84 5.736511 3.237409 0.639755 5.848810 3.107616 0.530944 6.432981 3.034024 0.552690
85 5.800681 3.285162 0.934458 5.917614 3.142982 0.844777 5.838390 3.307323 0.968711
86 5.852989 3.355958 1.071339 5.992499 3.207868 0.937402 6.214025 3.154433 0.702300
87 5.896833 3.436316 1.246348 6.035692 3.276036 1.147449 5.841906 3.361948 1.140433
88 5.927232 3.526701 1.345471 6.066966 3.372109 1.323621 6.057195 3.517565 1.678164
89 5.949218 3.622617 1.407471 6.097969 3.473240 1.397284 6.270949 3.669665 1.420650
90 5.965364 3.720594 1.476738 6.101156 3.543406 1.488796 5.968031 3.258684 1.569326
91 5.974864 3.821301 1.512156 6.113869 3.649585 1.592941 6.294029 3.702199 1.850520
92 5.980851 3.923269 1.520925 6.105953 3.735759 1.621965 5.897568 3.645904 1.724605
93 5.985920 4.024843 1.529520 6.097936 3.831630 1.644056 6.162304 3.794339 1.540528
94 5.990105 4.126161 1.530832 6.093282 4.044528 1.540255 5.661935 4.362663 1.272479
95 5.994196 4.228479 1.584960 6.092841 4.144863 1.598049 6.109553 4.171516 1.731707
96 5.992744 4.330946 1.592588 6.110178 4.242773 1.556855 6.082155 4.299550 1.286938
97 5.990513 4.433316 1.639083 6.101790 4.368775 1.649123 6.199933 4.624993 1.874440
98 5.983607 4.534297 1.626645 6.101667 4.473438 1.638827 6.185366 4.628494 1.689442
99 5.977945 4.635576 1.638165 6.081767 4.552007 1.646443 5.701259 4.488954 1.485635
100 5.971099 4.737040 1.634680 6.070185 4.630025 1.680240 6.096496 4.603214 1.890514
101 5.964636 4.838061 1.614870 6.068440 4.765484 1.655918 5.985880 5.046455 1.665136
102 5.960152 4.939737 1.614405 6.050875 4.876882 1.634117 5.714632 4.979563 1.560207
103 5.955679 5.042242 1.611663 6.060751 4.996833 1.610424 6.126876 5.136088 1.550352
104 5.951476 5.145048 1.624062 6.063950 5.096203 1.611271 6.059199 5.128319 1.607970
105 5.946002 5.247709 1.631199 6.040164 5.091507 1.616671 5.766823 4.880226 1.534395
106 5.939773 5.350714 1.624026 6.032642 5.258329 1.598135 5.822484 5.525377 1.537543
107 5.934253 5.454307 1.627630 6.035785 5.303094 1.619215 6.109821 5.005683 1.760539
108 5.928389 5.557372 1.620622 6.027636 5.464620 1.534055 5.668332 5.686369 1.260790
